n = 30
min = 0.03198043
max = 0.7063881
